0.949707              100642
0.898438              103975
0.843506              107308
0.787354              110642
0.729980              113975
0.670166              117308
0.610352              120642
0.550537              123975
0.490723              127308
0.433350              130642
0.377197              133975
0.322266              137308
0.270996              140642
0.223389              143975
0.178223              147308
0.137939              150642
0.102539              153975
0.072021              157308
0.046387              160642
0.026855              163975
0.012207              167308
0.002441              170642
0.000000              173975
0.002441              177308
0.012207              180642
0.026855              183975
0.046387              187308
0.072021              190642
0.102539              193975
0.137939              197308
0.178223              200642
0.223389              203975
0.270996              207308
0.322266              210642
0.377197              213975
0.433350              217308
0.490723              220642
0.550537              223975
0.610352              227308
0.670166              230642
0.729980              233975
0.787354              237308
0.843506              240642
0.898438              243975
0.949707              247308
0.997314              250642
1.042480              253975
1.082764              257308
1.118164              260642
1.148682              263975
1.174316              267308
1.193848              270642
1.208496              273975
1.218262              277308
1.220703              280642
1.218262              283975
1.208496              287308
1.193848              290642
1.174316              293975
1.148682              297308
1.118164              300642
1.082764              303975
1.042480              307308
0.997314              310642
0.949707              313975
0.898438              317308
0.843506              320642
0.787354              323975
0.729980              327308
0.670166              330642
0.610352              333975
0.550537              337308
0.490723              340642
0.433350              343975
0.377197              347308
0.322266              350642
0.270996              353975
0.223389              357308
0.178223              360642
0.137939              363975
0.102539              367308
0.072021              370642
0.046387              373975
0.026855              377308
0.012207              380642
0.002441              383975
0.000000              387308
0.002441              390642
0.012207              393975
0.026855              397308
0.046387              400642
0.072021              403975
0.102539              407308
0.137939              410642
0.178223              413975
0.223389              417308
0.270996              420642
0.322266              423975
0.377197              427308
0.433350              430642
0.490723              433975
0.550537              437308
0.610352              440642
0.670166              443975
0.729980              447308
0.787354              450642
0.843506              453975
0.898438              457308
0.949707              460642
0.997314              463975
1.042480              467308
1.082764              470642
1.118164              473975
1.148682              477308
1.174316              480642
1.193848              483975
1.208496              487308
1.218262              490642
1.220703              493975
1.218262              497308
1.208496              500642
1.193848              503975
1.174316              507308
1.148682              510642
1.118164              513975
1.082764              517308
1.042480              520642
0.997314              523975
0.949707              527308
0.898438              530642
0.843506              533975
0.787354              537308
0.729980              540642
0.670166              543975
0.610352              547308
0.550537              550642
0.490723              553975
0.433350              557308
0.377197              560642
0.322266              563975
0.270996              567308
0.223389              570642
0.178223              573975
0.137939              577308
0.102539              580642
0.072021              583975
0.046387              587308
0.026855              590642
0.012207              593975
0.002441              597308
0.000000              600642
0.002441              603975
0.012207              607308
0.026855              610642
0.046387              613975
0.072021              617308
0.102539              620642
0.137939              623975
0.178223              627308
0.223389              630642
0.270996              633975
0.322266              637308
0.377197              640642
0.433350              643975
0.490723              647308
0.550537              650642
0.610352              653975
0.670166              657308
0.729980              660642
0.787354              663975
0.843506              667308
0.898438              670642
0.949707              673975
0.997314              677308
1.042480              680642
1.082764              683975
1.118164              687308
1.148682              690642
1.174316              693975
1.193848              697308
1.208496              700642
1.218262              703975
1.220703              707308
1.218262              710642
1.208496              713975
1.193848              717308
1.174316              720642
1.148682              723975
1.118164              727308
1.082764              730642
1.042480              733975
0.997314              737308
0.949707              740642
0.898438              743975
0.843506              747308
0.787354              750642
0.729980              753975
0.670166              757308
0.610352              760642
0.550537              763975
0.490723              767308
0.433350              770642
0.377197              773975
0.322266              777308
0.270996              780642
0.223389              783975
0.178223              787308
0.137939              790642
0.102539              793975
0.072021              797308
0.046387              800642
0.026855              803975
0.012207              807308
0.002441              810642
0.000000              813975
0.002441              817308
0.012207              820642
0.026855              823975
0.046387              827308
0.072021              830642
0.102539              833975
0.137939              837308
0.178223              840642
0.223389              843975
0.270996              847308
0.322266              850642
0.377197              853975
0.433350              857308
0.490723              860642
0.550537              863975
0.610352              867308
0.670166              870642
0.729980              873975
0.787354              877308
0.843506              880642
0.898438              883975
0.949707              887308
0.997314              890642
1.042480              893975
1.082764              897308
1.118164              900642
1.148682              903975
1.174316              907308
1.193848              910642
1.208496              913975
1.218262              917308
1.220703              920642
1.218262              923975
1.208496              927308
1.193848              930642
1.174316              933975
1.148682              937308
1.118164              940642
1.082764              943975
1.042480              947308
0.997314              950642
0.949707              953975
0.898438              957308
0.843506              960642
0.787354              963975
0.729980              967308
0.670166              970642
0.610352              973975
0.550537              977308
0.490723              980642
0.433350              983975
0.377197              987308
0.322266              990642
0.270996              993975
0.223389              997308